<div>                        <script type="text/javascript">window.PlotlyConfig = {MathJaxConfig: 'local'};</script>
        <script charset="utf-8" src="https://cdn.plot.ly/plotly-2.27.0.min.js"></script>                <div id="c7bce7ef-a9f9-4c47-8d03-62b05a058923" class="plotly-graph-div" style="height:1000px; width:100%;"></div>            <script type="text/javascript">                                    window.PLOTLYENV=window.PLOTLYENV || {};                                    if (document.getElementById("c7bce7ef-a9f9-4c47-8d03-62b05a058923")) {                    Plotly.newPlot(                        "c7bce7ef-a9f9-4c47-8d03-62b05a058923",                        [{"colorbar":{"title":{"text":"Cosine Similarity"}},"colorscale":[[0.0,"rgb(247,252,245)"],[0.125,"rgb(229,245,224)"],[0.25,"rgb(199,233,192)"],[0.375,"rgb(161,217,155)"],[0.5,"rgb(116,196,118)"],[0.625,"rgb(65,171,93)"],[0.75,"rgb(35,139,69)"],[0.875,"rgb(0,109,44)"],[1.0,"rgb(0,68,27)"]],"hoverongaps":false,"x":["The stock market is experiencing a significant downturn.","The stock market saw a sharp decline today.","Major losses hit the stock market.","Tech stocks rally as market rebounds from losses.","Technology shares surge following market recovery.","Recovery drives tech stocks to new highs.","Federal Reserve signals possible interest rate hike.","Fed hints at increasing interest rates soon.","Interest rate hike likely as suggested by the Federal Reserve.","Bitcoin reaches new all-time high amid market optimism.","Market optimism pushes Bitcoin to record high.","Bitcoin hits unprecedented levels with market cheer.","Oil prices surge due to supply chain disruptions.","Supply chain issues cause a spike in oil prices.","Oil prices increase sharply as supply chains falter."],"y":["The stock market is experiencing a significant downturn.","The stock market saw a sharp decline today.","Major losses hit the stock market.","Tech stocks rally as market rebounds from losses.","Technology shares surge following market recovery.","Recovery drives tech stocks to new highs.","Federal Reserve signals possible interest rate hike.","Fed hints at increasing interest rates soon.","Interest rate hike likely as suggested by the Federal Reserve.","Bitcoin reaches new all-time high amid market optimism.","Market optimism pushes Bitcoin to record high.","Bitcoin hits unprecedented levels with market cheer.","Oil prices surge due to supply chain disruptions.","Supply chain issues cause a spike in oil prices.","Oil prices increase sharply as supply chains falter."],"z":[[0.9999998807907104,0.7307020425796509,0.6879994869232178,0.5581989884376526,0.43953391909599304,0.3800901770591736,0.3485232889652252,0.38854876160621643,0.40736013650894165,0.39396142959594727,0.49641528725624084,0.4482526183128357,0.3831970691680908,0.4091259837150574,0.33110475540161133],[0.7307020425796509,0.9999996423721313,0.6659298539161682,0.4591541290283203,0.38575899600982666,0.29317736625671387,0.276707261800766,0.3108951151371002,0.315088152885437,0.32169583439826965,0.40622657537460327,0.34637224674224854,0.2737866938114166,0.31816497445106506,0.29713204503059387],[0.6879994869232178,0.6659298539161682,0.9999998807907104,0.520737886428833,0.45222246646881104,0.42035114765167236,0.2712308168411255,0.26333048939704895,0.31663793325424194,0.2952980697154999,0.41246622800827026,0.3775537610054016,0.39941689372062683,0.39895036816596985,0.31821775436401367],[0.5581989884376526,0.4591541290283203,0.520737886428833,0.9999998807907104,0.6740370392799377,0.6216175556182861,0.2665008008480072,0.20577725768089294,0.28259962797164917,0.2859002649784088,0.35446444153785706,0.3691234588623047,0.32481393218040466,0.26199591159820557,0.22680121660232544],[0.43953391909599304,0.38575899600982666,0.45222246646881104,0.6740370392799377,1.000000238418579,0.6704065799713135,0.1793651133775711,0.17867735028266907,0.2259182631969452,0.3189457356929779,0.38791000843048096,0.3726278245449066,0.4392610490322113,0.3374711871147156,0.2800697684288025],[0.3800901770591736,0.29317736625671387,0.42035114765167236,0.6216175556182861,0.6704065799713135,1.0,0.22800317406654358,0.1786755919456482,0.26902300119400024,0.3285895884037018,0.35334664583206177,0.37393584847450256,0.23781892657279968,0.2584899365901947,0.1878548115491867],[0.3485232889652252,0.276707261800766,0.2712308168411255,0.2665008008480072,0.1793651133775711,0.22800317406654358,1.0000001192092896,0.7328381538391113,0.8698645830154419,0.3460341691970825,0.4000956416130066,0.3438106179237366,0.2759699523448944,0.29239505529403687,0.27731478214263916],[0.38854876160621643,0.3108951151371002,0.26333048939704895,0.20577725768089294,0.17867735028266907,0.1786755919456482,0.7328381538391113,1.0000001192092896,0.7374116778373718,0.4169612228870392,0.46338117122650146,0.36854851245880127,0.18132153153419495,0.23601777851581573,0.28191131353378296],[0.40736013650894165,0.315088152885437,0.31663793325424194,0.28259962797164917,0.2259182631969452,0.26902300119400024,0.8698645830154419,0.7374116778373718,1.0000001192092896,0.41162312030792236,0.4425475597381592,0.3647914230823517,0.3053164780139923,0.3486465811729431,0.3103911280632019],[0.39396142959594727,0.32169583439826965,0.2952980697154999,0.2859002649784088,0.3189457356929779,0.3285895884037018,0.3460341691970825,0.4169612228870392,0.41162312030792236,0.9999996423721313,0.8009467720985413,0.7530210614204407,0.2575805187225342,0.2832489013671875,0.34078365564346313],[0.49641528725624084,0.40622657537460327,0.41246622800827026,0.35446444153785706,0.38791000843048096,0.35334664583206177,0.4000956416130066,0.46338117122650146,0.4425475597381592,0.8009467720985413,1.000000238418579,0.7549169063568115,0.2780230939388275,0.33209365606307983,0.3225959837436676],[0.4482526183128357,0.34637224674224854,0.3775537610054016,0.3691234588623047,0.3726278245449066,0.37393584847450256,0.3438106179237366,0.36854851245880127,0.3647914230823517,0.7530210614204407,0.7549169063568115,1.0000001192092896,0.3190639317035675,0.35484936833381653,0.33805471658706665],[0.3831970691680908,0.2737866938114166,0.39941689372062683,0.32481393218040466,0.4392610490322113,0.23781892657279968,0.2759699523448944,0.18132153153419495,0.3053164780139923,0.2575805187225342,0.2780230939388275,0.3190639317035675,1.0,0.855286717414856,0.7978376150131226],[0.4091259837150574,0.31816497445106506,0.39895036816596985,0.26199591159820557,0.3374711871147156,0.2584899365901947,0.29239505529403687,0.23601777851581573,0.3486465811729431,0.2832489013671875,0.33209365606307983,0.35484936833381653,0.855286717414856,0.9999998807907104,0.831946074962616],[0.33110475540161133,0.29713204503059387,0.31821775436401367,0.22680121660232544,0.2800697684288025,0.1878548115491867,0.27731478214263916,0.28191131353378296,0.3103911280632019,0.34078365564346313,0.3225959837436676,0.33805471658706665,0.7978376150131226,0.831946074962616,1.000000238418579]],"zmax":1,"zmin":0,"type":"heatmap"}],                        {"template":{"data":{"barpolar":[{"marker":{"line":{"color":"rgb(17,17,17)","width":0.5},"pattern":{"fillmode":"overlay","size":10,"solidity":0.2}},"type":"barpolar"}],"bar":[{"error_x":{"color":"#f2f5fa"},"error_y":{"color":"#f2f5fa"},"marker":{"line":{"color":"rgb(17,17,17)","width":0.5},"pattern":{"fillmode":"overlay","size":10,"solidity":0.2}},"type":"bar"}],"carpet":[{"aaxis":{"endlinecolor":"#A2B1C6","gridcolor":"#506784","linecolor":"#506784","minorgridcolor":"#506784","startlinecolor":"#A2B1C6"},"baxis":{"endlinecolor":"#A2B1C6","gridcolor":"#506784","linecolor":"#506784","minorgridcolor":"#506784","startlinecolor":"#A2B1C6"},"type":"carpet"}],"choropleth":[{"colorbar":{"outlinewidth":0,"ticks":""},"type":"choropleth"}],"contourcarpet":[{"colorbar":{"outlinewidth":0,"ticks":""},"type":"contourcarpet"}],"contour":[{"colorbar":{"outlinewidth":0,"ticks":""},"colorscale":[[0.0,"#0d0887"],[0.1111111111111111,"#46039f"],[0.2222222222222222,"#7201a8"],[0.3333333333333333,"#9c179e"],[0.4444444444444444,"#bd3786"],[0.5555555555555556,"#d8576b"],[0.6666666666666666,"#ed7953"],[0.7777777777777778,"#fb9f3a"],[0.8888888888888888,"#fdca26"],[1.0,"#f0f921"]],"type":"contour"}],"heatmapgl":[{"colorbar":{"outlinewidth":0,"ticks":""},"colorscale":[[0.0,"#0d0887"],[0.1111111111111111,"#46039f"],[0.2222222222222222,"#7201a8"],[0.3333333333333333,"#9c179e"],[0.4444444444444444,"#bd3786"],[0.5555555555555556,"#d8576b"],[0.6666666666666666,"#ed7953"],[0.7777777777777778,"#fb9f3a"],[0.8888888888888888,"#fdca26"],[1.0,"#f0f921"]],"type":"heatmapgl"}],"heatmap":[{"colorbar":{"outlinewidth":0,"ticks":""},"colorscale":[[0.0,"#0d0887"],[0.1111111111111111,"#46039f"],[0.2222222222222222,"#7201a8"],[0.3333333333333333,"#9c179e"],[0.4444444444444444,"#bd3786"],[0.5555555555555556,"#d8576b"],[0.6666666666666666,"#ed7953"],[0.7777777777777778,"#fb9f3a"],[0.8888888888888888,"#fdca26"],[1.0,"#f0f921"]],"type":"heatmap"}],"histogram2dcontour":[{"colorbar":{"outlinewidth":0,"ticks":""},"colorscale":[[0.0,"#0d0887"],[0.1111111111111111,"#46039f"],[0.2222222222222222,"#7201a8"],[0.3333333333333333,"#9c179e"],[0.4444444444444444,"#bd3786"],[0.5555555555555556,"#d8576b"],[0.6666666666666666,"#ed7953"],[0.7777777777777778,"#fb9f3a"],[0.8888888888888888,"#fdca26"],[1.0,"#f0f921"]],"type":"histogram2dcontour"}],"histogram2d":[{"colorbar":{"outlinewidth":0,"ticks":""},"colorscale":[[0.0,"#0d0887"],[0.1111111111111111,"#46039f"],[0.2222222222222222,"#7201a8"],[0.3333333333333333,"#9c179e"],[0.4444444444444444,"#bd3786"],[0.5555555555555556,"#d8576b"],[0.6666666666666666,"#ed7953"],[0.7777777777777778,"#fb9f3a"],[0.8888888888888888,"#fdca26"],[1.0,"#f0f921"]],"type":"histogram2d"}],"histogram":[{"marker":{"pattern":{"fillmode":"overlay","size":10,"solidity":0.2}},"type":"histogram"}],"mesh3d":[{"colorbar":{"outlinewidth":0,"ticks":""},"type":"mesh3d"}],"parcoords":[{"line":{"colorbar":{"outlinewidth":0,"ticks":""}},"type":"parcoords"}],"pie":[{"automargin":true,"type":"pie"}],"scatter3d":[{"line":{"colorbar":{"outlinewidth":0,"ticks":""}},"marker":{"colorbar":{"outlinewidth":0,"ticks":""}},"type":"scatter3d"}],"scattercarpet":[{"marker":{"colorbar":{"outlinewidth":0,"ticks":""}},"type":"scattercarpet"}],"scattergeo":[{"marker":{"colorbar":{"outlinewidth":0,"ticks":""}},"type":"scattergeo"}],"scattergl":[{"marker":{"line":{"color":"#283442"}},"type":"scattergl"}],"scattermapbox":[{"marker":{"colorbar":{"outlinewidth":0,"ticks":""}},"type":"scattermapbox"}],"scatterpolargl":[{"marker":{"colorbar":{"outlinewidth":0,"ticks":""}},"type":"scatterpolargl"}],"scatterpolar":[{"marker":{"colorbar":{"outlinewidth":0,"ticks":""}},"type":"scatterpolar"}],"scatter":[{"marker":{"line":{"color":"#283442"}},"type":"scatter"}],"scatterternary":[{"marker":{"colorbar":{"outlinewidth":0,"ticks":""}},"type":"scatterternary"}],"surface":[{"colorbar":{"outlinewidth":0,"ticks":""},"colorscale":[[0.0,"#0d0887"],[0.1111111111111111,"#46039f"],[0.2222222222222222,"#7201a8"],[0.3333333333333333,"#9c179e"],[0.4444444444444444,"#bd3786"],[0.5555555555555556,"#d8576b"],[0.6666666666666666,"#ed7953"],[0.7777777777777778,"#fb9f3a"],[0.8888888888888888,"#fdca26"],[1.0,"#f0f921"]],"type":"surface"}],"table":[{"cells":{"fill":{"color":"#506784"},"line":{"color":"rgb(17,17,17)"}},"header":{"fill":{"color":"#2a3f5f"},"line":{"color":"rgb(17,17,17)"}},"type":"table"}]},"layout":{"annotationdefaults":{"arrowcolor":"#f2f5fa","arrowhead":0,"arrowwidth":1},"autotypenumbers":"strict","coloraxis":{"colorbar":{"outlinewidth":0,"ticks":""}},"colorscale":{"diverging":[[0,"#8e0152"],[0.1,"#c51b7d"],[0.2,"#de77ae"],[0.3,"#f1b6da"],[0.4,"#fde0ef"],[0.5,"#f7f7f7"],[0.6,"#e6f5d0"],[0.7,"#b8e186"],[0.8,"#7fbc41"],[0.9,"#4d9221"],[1,"#276419"]],"sequential":[[0.0,"#0d0887"],[0.1111111111111111,"#46039f"],[0.2222222222222222,"#7201a8"],[0.3333333333333333,"#9c179e"],[0.4444444444444444,"#bd3786"],[0.5555555555555556,"#d8576b"],[0.6666666666666666,"#ed7953"],[0.7777777777777778,"#fb9f3a"],[0.8888888888888888,"#fdca26"],[1.0,"#f0f921"]],"sequentialminus":[[0.0,"#0d0887"],[0.1111111111111111,"#46039f"],[0.2222222222222222,"#7201a8"],[0.3333333333333333,"#9c179e"],[0.4444444444444444,"#bd3786"],[0.5555555555555556,"#d8576b"],[0.6666666666666666,"#ed7953"],[0.7777777777777778,"#fb9f3a"],[0.8888888888888888,"#fdca26"],[1.0,"#f0f921"]]},"colorway":["#636efa","#EF553B","#00cc96","#ab63fa","#FFA15A","#19d3f3","#FF6692","#B6E880","#FF97FF","#FECB52"],"font":{"color":"#f2f5fa"},"geo":{"bgcolor":"rgb(17,17,17)","lakecolor":"rgb(17,17,17)","landcolor":"rgb(17,17,17)","showlakes":true,"showland":true,"subunitcolor":"#506784"},"hoverlabel":{"align":"left"},"hovermode":"closest","mapbox":{"style":"dark"},"paper_bgcolor":"rgb(17,17,17)","plot_bgcolor":"rgb(17,17,17)","polar":{"angularaxis":{"gridcolor":"#506784","linecolor":"#506784","ticks":""},"bgcolor":"rgb(17,17,17)","radialaxis":{"gridcolor":"#506784","linecolor":"#506784","ticks":""}},"scene":{"xaxis":{"backgroundcolor":"rgb(17,17,17)","gridcolor":"#506784","gridwidth":2,"linecolor":"#506784","showbackground":true,"ticks":"","zerolinecolor":"#C8D4E3"},"yaxis":{"backgroundcolor":"rgb(17,17,17)","gridcolor":"#506784","gridwidth":2,"linecolor":"#506784","showbackground":true,"ticks":"","zerolinecolor":"#C8D4E3"},"zaxis":{"backgroundcolor":"rgb(17,17,17)","gridcolor":"#506784","gridwidth":2,"linecolor":"#506784","showbackground":true,"ticks":"","zerolinecolor":"#C8D4E3"}},"shapedefaults":{"line":{"color":"#f2f5fa"}},"sliderdefaults":{"bgcolor":"#C8D4E3","bordercolor":"rgb(17,17,17)","borderwidth":1,"tickwidth":0},"ternary":{"aaxis":{"gridcolor":"#506784","linecolor":"#506784","ticks":""},"baxis":{"gridcolor":"#506784","linecolor":"#506784","ticks":""},"bgcolor":"rgb(17,17,17)","caxis":{"gridcolor":"#506784","linecolor":"#506784","ticks":""}},"title":{"x":0.05},"updatemenudefaults":{"bgcolor":"#506784","borderwidth":0},"xaxis":{"automargin":true,"gridcolor":"#283442","linecolor":"#506784","ticks":"","title":{"standoff":15},"zerolinecolor":"#283442","zerolinewidth":2},"yaxis":{"automargin":true,"gridcolor":"#283442","linecolor":"#506784","ticks":"","title":{"standoff":15},"zerolinecolor":"#283442","zerolinewidth":2}}},"xaxis":{"tickfont":{"size":8},"tickangle":90},"yaxis":{"tickfont":{"size":8}},"margin":{"l":100,"r":100,"t":100,"b":100},"title":{"text":"Cosine Similarity of Financial News Titles"},"height":1000},                        {"responsive": true}                    )                };                            </script>        </div>